                  authorA	                  authorB	        authorC	Sup(A,B,C)	Sup(A)	Sup(B)	Sup(C)	Con(A)	Con(B)	Con(C)	MinCon	MaxCon
                   151873	                   121551	               	       532	   538	  1029	     0	\0.9888	0.5170	0.0000	0.5170	0.9888
                    84311	                    84253	               	       517	   979	   874	     0	\0.5281	0.5915	0.0000	0.5281	0.5915
                    39240	                    39241	               	       478	   712	   775	     0	\0.6713	0.6168	0.0000	0.6168	0.6713
                   547459	                   547458	               	       436	   664	   733	     0	\0.6566	0.5948	0.0000	0.5948	0.6566
                   292743	                   292744	               	       417	   419	   507	     0	\0.9952	0.8225	0.0000	0.8225	0.9952
                    13187	                    13188	               	       412	   603	   690	     0	\0.6833	0.5971	0.0000	0.5971	0.6833
                   541490	                   387838	               	       411	   421	   586	     0	\0.9762	0.7014	0.0000	0.7014	0.9762
                   214591	                     1374	               	       395	   515	   614	     0	\0.7670	0.6433	0.0000	0.6433	0.7670
                    11793	                    11792	               	       386	   579	   550	     0	\0.6667	0.7018	0.0000	0.6667	0.7018
                    41426	                    41425	               	       383	   402	   508	     0	\0.9527	0.7539	0.0000	0.7539	0.9527
                    11537	                    11536	               	       379	   383	   388	     0	\0.9896	0.9768	0.0000	0.9768	0.9896
                   184485	                   137035	               	       374	   433	   910	     0	\0.8637	0.4110	0.0000	0.4110	0.8637
                    26332	                   104471	               	       372	   552	   576	     0	\0.6739	0.6458	0.0000	0.6458	0.6739
                   190291	                   190292	               	       365	   542	   523	     0	\0.6734	0.6979	0.0000	0.6734	0.6979
                     2088	                     2089	               	       363	   580	   759	     0	\0.6259	0.4783	0.0000	0.4783	0.6259
                    83659	                     1831	               	       360	   428	   698	     0	\0.8411	0.5158	0.0000	0.5158	0.8411
                    23671	                    23672	               	       354	   425	   495	     0	\0.8329	0.7152	0.0000	0.7152	0.8329
                   251897	                   251896	               	       346	   716	   402	     0	\0.4832	0.8607	0.0000	0.4832	0.8607
                    26044	                    26043	               	       331	   417	   573	     0	\0.7938	0.5777	0.0000	0.5777	0.7938
                   194946	                   194947	               	       329	   434	   414	     0	\0.7581	0.7947	0.0000	0.7581	0.7947
                    40680	                   251895	               	       316	   593	   410	     0	\0.5329	0.7707	0.0000	0.5329	0.7707
                    79993	                    79992	               	       305	   341	   359	     0	\0.8944	0.8496	0.0000	0.8496	0.8944
                   277929	                   272822	               	       302	   356	   347	     0	\0.8483	0.8703	0.0000	0.8483	0.8703
                     3565	                     3585	               	       301	   393	   339	     0	\0.7659	0.8879	0.0000	0.7659	0.8879
                    79993	                    79988	               	       301	   341	   388	     0	\0.8827	0.7758	0.0000	0.7758	0.8827
                    79992	                    79988	               	       298	   359	   388	     0	\0.8301	0.7680	0.0000	0.7680	0.8301
                    14320	                    14376	               	       297	   667	   429	     0	\0.4453	0.6923	0.0000	0.4453	0.6923
                    62287	                    83714	               	       292	   353	   504	     0	\0.8272	0.5794	0.0000	0.5794	0.8272
                   172277	                   184744	               	       291	   437	   420	     0	\0.6659	0.6929	0.0000	0.6659	0.6929
                   272821	                   272822	               	       289	   316	   347	     0	\0.9146	0.8329	0.0000	0.8329	0.9146
                    87852	                    87853	               	       283	   337	   372	     0	\0.8398	0.7608	0.0000	0.7608	0.8398
                    79993	                    79992	          79988	       280	   341	   359	   388	\0.8211	0.7799	0.7216	0.7216	0.8211
                    23580	                    23916	               	       276	   448	   305	     0	\0.6161	0.9049	0.0000	0.6161	0.9049
                   272821	                   277929	               	       273	   316	   356	     0	\0.8639	0.7669	0.0000	0.7669	0.8639
                   272822	                   272821	         277929	       272	   347	   316	   356	\0.7839	0.8608	0.7640	0.7640	0.8608
                    85162	                    85161	               	       271	   438	   345	     0	\0.6187	0.7855	0.0000	0.6187	0.7855
                   260673	                    99208	               	       265	   291	   586	     0	\0.9107	0.4522	0.0000	0.4522	0.9107
                    97118	                    79922	               	       260	   527	   323	     0	\0.4934	0.8050	0.0000	0.4934	0.8050
                   106794	                    94052	               	       260	   596	   459	     0	\0.4362	0.5664	0.0000	0.4362	0.5664
                   154377	                   105150	               	       259	   320	   647	     0	\0.8094	0.4003	0.0000	0.4003	0.8094
                    16155	                   371177	               	       257	   572	   328	     0	\0.4493	0.7835	0.0000	0.4493	0.7835
                    16003	                    16530	               	       254	   387	   310	     0	\0.6563	0.8194	0.0000	0.6563	0.8194
                    22762	                   368182	               	       253	   548	   452	     0	\0.4617	0.5597	0.0000	0.4617	0.5597
                   230806	                   230805	               	       252	   538	   294	     0	\0.4684	0.8571	0.0000	0.4684	0.8571
                   162382	                     7500	               	       251	   301	   624	     0	\0.8339	0.4022	0.0000	0.4022	0.8339
                   124341	                   106739	               	       249	   324	   522	     0	\0.7685	0.4770	0.0000	0.4770	0.7685
                   168024	                   589957	               	       248	   474	   278	     0	\0.5232	0.8921	0.0000	0.5232	0.8921
                    91797	                    91796	               	       248	   428	   405	     0	\0.5794	0.6123	0.0000	0.5794	0.6123
                     6093	                     3422	               	       241	   312	   462	     0	\0.7724	0.5216	0.0000	0.5216	0.7724
                    85722	                    88232	               	       241	   527	   411	     0	\0.4573	0.5864	0.0000	0.4573	0.5864
                   109876	                   109875	               	       240	   247	   245	     0	\0.9717	0.9796	0.0000	0.9717	0.9796
                    40976	                    40975	               	       235	   372	   454	     0	\0.6317	0.5176	0.0000	0.5176	0.6317
                   100966	                   344801	               	       234	   317	   263	     0	\0.7382	0.8897	0.0000	0.7382	0.8897
                    84623	                    84624	               	       230	   554	   358	     0	\0.4152	0.6425	0.0000	0.4152	0.6425
                   247139	                   247138	               	       229	   288	   257	     0	\0.7951	0.8911	0.0000	0.7951	0.8911
                    15039	                    15007	               	       226	   234	   434	     0	\0.9658	0.5207	0.0000	0.5207	0.9658
                   186493	                   247791	               	       226	   528	   288	     0	\0.4280	0.7847	0.0000	0.4280	0.7847
                     6195	                     6196	               	       224	   286	   225	     0	\0.7832	0.9956	0.0000	0.7832	0.9956
                    83812	                    83813	               	       219	   294	   239	     0	\0.7449	0.9163	0.0000	0.7449	0.9163
                    61560	                    10256	               	       218	   279	   247	     0	\0.7814	0.8826	0.0000	0.7814	0.8826
                   381052	                   379868	               	       217	   229	   355	     0	\0.9476	0.6113	0.0000	0.6113	0.9476
                    36839	                    36838	               	       217	   421	   271	     0	\0.5154	0.8007	0.0000	0.5154	0.8007
                     6885	                     6008	               	       215	   256	   507	     0	\0.8398	0.4241	0.0000	0.4241	0.8398
                    16781	                   335455	               	       213	   427	   243	     0	\0.4988	0.8765	0.0000	0.4988	0.8765
                   698681	                   201692	               	       212	   269	   439	     0	\0.7881	0.4829	0.0000	0.4829	0.7881
                   292938	                   292939	               	       210	   286	   221	     0	\0.7343	0.9502	0.0000	0.7343	0.9502
                     6673	                     6672	               	       207	   425	   210	     0	\0.4871	0.9857	0.0000	0.4871	0.9857
                   133374	                   137912	               	       207	   425	   218	     0	\0.4871	0.9495	0.0000	0.4871	0.9495
                    89666	                    89664	               	       207	   256	   225	     0	\0.8086	0.9200	0.0000	0.8086	0.9200
                    26042	                    26044	               	       207	   233	   417	     0	\0.8884	0.4964	0.0000	0.4964	0.8884
                   228760	                   228759	               	       206	   229	   286	     0	\0.8996	0.7203	0.0000	0.7203	0.8996
                     4379	                     4378	               	       205	   341	   354	     0	\0.6012	0.5791	0.0000	0.5791	0.6012
                   379755	                   379757	               	       204	   235	   277	     0	\0.8681	0.7365	0.0000	0.7365	0.8681
                   379705	                   310562	               	       204	   262	   241	     0	\0.7786	0.8465	0.0000	0.7786	0.8465
                    15626	                   113688	               	       204	   409	   299	     0	\0.4988	0.6823	0.0000	0.4988	0.6823
                  1263873	                  1263836	               	       201	   364	   241	     0	\0.5522	0.8340	0.0000	0.5522	0.8340
                    88632	                    13039	               	       201	   272	   259	     0	\0.7390	0.7761	0.0000	0.7390	0.7761
                    60872	                    60870	               	       199	   203	   454	     0	\0.9803	0.4383	0.0000	0.4383	0.9803
                   379757	                   379756	               	       199	   277	   238	     0	\0.7184	0.8361	0.0000	0.7184	0.8361
                   379757	                   379758	               	       198	   277	   246	     0	\0.7148	0.8049	0.0000	0.7148	0.8049
                    61254	                    61128	               	       198	   276	   289	     0	\0.7174	0.6851	0.0000	0.6851	0.7174
                      608	                      632	               	       197	   291	   236	     0	\0.6770	0.8347	0.0000	0.6770	0.8347
                    57821	                    57823	               	       196	   258	   274	     0	\0.7597	0.7153	0.0000	0.7153	0.7597
                   212729	                    14408	               	       196	   302	   269	     0	\0.6490	0.7286	0.0000	0.6490	0.7286
                   163725	                   163724	               	       195	   201	   218	     0	\0.9701	0.8945	0.0000	0.8945	0.9701
                   429927	                   595341	               	       195	   376	   201	     0	\0.5186	0.9701	0.0000	0.5186	0.9701
                     4087	                     4084	               	       195	   228	   392	     0	\0.8553	0.4974	0.0000	0.4974	0.8553
                   369594	                   368004	               	       195	   279	   248	     0	\0.6989	0.7863	0.0000	0.6989	0.7863
                    41628	                    41626	               	       195	   377	   254	     0	\0.5172	0.7677	0.0000	0.5172	0.7677
                    89666	                    89669	               	       195	   256	   261	     0	\0.7617	0.7471	0.0000	0.7471	0.7617
                  1014416	                   317970	               	       194	   196	   386	     0	\0.9898	0.5026	0.0000	0.5026	0.9898
                    14372	                     7318	               	       193	   246	   336	     0	\0.7846	0.5744	0.0000	0.5744	0.7846
                   133663	                    16224	               	       193	   257	   330	     0	\0.7510	0.5848	0.0000	0.5848	0.7510
                   130767	                   410137	               	       193	   268	   334	     0	\0.7201	0.5778	0.0000	0.5778	0.7201
                     6760	                     6761	               	       193	   461	   275	     0	\0.4187	0.7018	0.0000	0.4187	0.7018
                   144639	                   413740	               	       192	   300	   214	     0	\0.6400	0.8972	0.0000	0.6400	0.8972
                    95049	                   202193	               	       192	   458	   317	     0	\0.4192	0.6057	0.0000	0.4192	0.6057
                   212729	                    14143	               	       191	   302	   262	     0	\0.6325	0.7290	0.0000	0.6325	0.7290
                   214280	                   214279	               	       190	   302	   210	     0	\0.6291	0.9048	0.0000	0.6291	0.9048
                    54017	                    54567	               	       190	   220	   241	     0	\0.8636	0.7884	0.0000	0.7884	0.8636
                      849	                      850	               	       189	   294	   192	     0	\0.6429	0.9844	0.0000	0.6429	0.9844
                   157215	                   157216	               	       189	   208	   307	     0	\0.9087	0.6156	0.0000	0.6156	0.9087
                   149402	                   132992	               	       189	   229	   215	     0	\0.8253	0.8791	0.0000	0.8253	0.8791
                   158611	                    49039	               	       188	   197	   298	     0	\0.9543	0.6309	0.0000	0.6309	0.9543
                   380017	                   206378	               	       187	   217	   268	     0	\0.8618	0.6978	0.0000	0.6978	0.8618
                    26188	                    26193	               	       187	   435	   286	     0	\0.4299	0.6538	0.0000	0.4299	0.6538
                    98101	                    98098	               	       186	   195	   238	     0	\0.9538	0.7815	0.0000	0.7815	0.9538
                    93621	                    93619	               	       186	   369	   261	     0	\0.5041	0.7126	0.0000	0.5041	0.7126
                   636112	                   827198	               	       186	   285	   268	     0	\0.6526	0.6940	0.0000	0.6526	0.6940
                   379755	                   379756	               	       185	   235	   238	     0	\0.7872	0.7773	0.0000	0.7773	0.7872
                   699430	                   885147	               	       184	   308	   189	     0	\0.5974	0.9735	0.0000	0.5974	0.9735
                     9747	                   320105	               	       184	   443	   191	     0	\0.4153	0.9634	0.0000	0.4153	0.9634
                   115161	                      284	               	       184	   202	   227	     0	\0.9109	0.8106	0.0000	0.8106	0.9109
                   247223	                   247201	               	       182	   239	   391	     0	\0.7615	0.4655	0.0000	0.4655	0.7615
                   350088	                   350087	               	       182	   277	   246	     0	\0.6570	0.7398	0.0000	0.6570	0.7398
                    25325	                    24789	               	       182	   345	   276	     0	\0.5275	0.6594	0.0000	0.5275	0.6594
                    83577	                    83578	               	       181	   229	   217	     0	\0.7904	0.8341	0.0000	0.7904	0.8341
                    15902	                    12943	               	       181	   291	   288	     0	\0.6220	0.6285	0.0000	0.6220	0.6285
                   601199	                    56787	               	       180	   220	   214	     0	\0.8182	0.8411	0.0000	0.8182	0.8411
                    25765	                    25762	               	       180	   366	   283	     0	\0.4918	0.6360	0.0000	0.4918	0.6360
                    80577	                    80573	               	       179	   297	   201	     0	\0.6027	0.8905	0.0000	0.6027	0.8905
                   429988	                   429927	               	       179	   244	   376	     0	\0.7336	0.4761	0.0000	0.4761	0.7336
                   250757	                   250466	               	       179	   258	   357	     0	\0.6938	0.5014	0.0000	0.5014	0.6938
                   248734	                   247173	               	       179	   271	   259	     0	\0.6605	0.6911	0.0000	0.6605	0.6911
                   379758	                   379756	               	       178	   246	   238	     0	\0.7236	0.7479	0.0000	0.7236	0.7479
                   611741	                   447876	               	       178	   248	   250	     0	\0.7177	0.7120	0.0000	0.7120	0.7177
                   142654	                   173423	               	       178	   260	   261	     0	\0.6846	0.6820	0.0000	0.6820	0.6846
                   438435	                   261963	               	       177	   179	   223	     0	\0.9888	0.7937	0.0000	0.7937	0.9888
                    61507	                    61510	               	       177	   207	   410	     0	\0.8551	0.4317	0.0000	0.4317	0.8551
                   138996	                   138998	               	       177	   286	   263	     0	\0.6189	0.6730	0.0000	0.6189	0.6730
                    83637	                    83636	               	       177	   328	   268	     0	\0.5396	0.6604	0.0000	0.5396	0.6604
                    39542	                    39541	               	       176	   278	   216	     0	\0.6331	0.8148	0.0000	0.6331	0.8148
                   297898	                   297899	               	       176	   234	   251	     0	\0.7521	0.7012	0.0000	0.7012	0.7521
                   379755	                   379758	               	       176	   235	   246	     0	\0.7489	0.7154	0.0000	0.7154	0.7489
                   169050	                   179209	               	       176	   399	   293	     0	\0.4411	0.6007	0.0000	0.4411	0.6007
                   409281	                   409280	               	       175	   189	   179	     0	\0.9259	0.9777	0.0000	0.9259	0.9777
                     2182	                    16696	               	       175	   239	   228	     0	\0.7322	0.7675	0.0000	0.7322	0.7675
                    84966	                    84965	               	       174	   177	   259	     0	\0.9831	0.6718	0.0000	0.6718	0.9831
                   379755	                   379757	         379758	       174	   235	   277	   246	\0.7404	0.6282	0.7073	0.6282	0.7404
                   179354	                   179355	               	       173	   180	   215	     0	\0.9611	0.8047	0.0000	0.8047	0.9611
                    14408	                    14143	               	       173	   269	   262	     0	\0.6431	0.6603	0.0000	0.6431	0.6603
                   214048	                   214406	               	       171	   194	   223	     0	\0.8814	0.7668	0.0000	0.7668	0.8814
                    36955	                    36956	               	       171	   313	   211	     0	\0.5463	0.8104	0.0000	0.5463	0.8104
                   379755	                   379757	         379756	       171	   235	   277	   238	\0.7277	0.6173	0.7185	0.6173	0.7277
                     4194	                     4195	               	       170	   230	   271	     0	\0.7391	0.6273	0.0000	0.6273	0.7391
                    31321	                   105872	               	       170	   277	   418	     0	\0.6137	0.4067	0.0000	0.4067	0.6137
                   123680	                   123683	               	       169	   188	   279	     0	\0.8989	0.6057	0.0000	0.6057	0.8989
                    89664	                    89669	               	       169	   225	   261	     0	\0.7511	0.6475	0.0000	0.6475	0.7511
                   379713	                   379714	               	       168	   171	   235	     0	\0.9825	0.7149	0.0000	0.7149	0.9825
                   428855	                   256117	               	       168	   178	   251	     0	\0.9438	0.6693	0.0000	0.6693	0.9438
                   345311	                   617711	               	       168	   181	   178	     0	\0.9282	0.9438	0.0000	0.9282	0.9438
                   116329	                   116331	               	       168	   269	   190	     0	\0.6245	0.8842	0.0000	0.6245	0.8842
                   138766	                   109042	               	       168	   206	   408	     0	\0.8155	0.4118	0.0000	0.4118	0.8155
                   183118	                   245925	               	       167	   290	   193	     0	\0.5759	0.8653	0.0000	0.5759	0.8653
                   250654	                    26096	               	       167	   199	   232	     0	\0.8392	0.7198	0.0000	0.7198	0.8392
                   330742	                   390362	               	       167	   228	   327	     0	\0.7325	0.5107	0.0000	0.5107	0.7325
                   299572	                   299323	               	       167	   251	   246	     0	\0.6653	0.6789	0.0000	0.6653	0.6789
                   322677	                   317970	               	       166	   167	   386	     0	\0.9940	0.4301	0.0000	0.4301	0.9940
                    89140	                    86409	               	       166	   247	   207	     0	\0.6721	0.8019	0.0000	0.6721	0.8019
                   153083	                   153085	               	       165	   182	   204	     0	\0.9066	0.8088	0.0000	0.8088	0.9066
                   101441	                   101440	               	       165	   343	   191	     0	\0.4810	0.8639	0.0000	0.4810	0.8639
                   101645	                   717967	               	       165	   358	   213	     0	\0.4609	0.7746	0.0000	0.4609	0.7746
                   379757	                   379758	         379756	       165	   277	   246	   238	\0.5957	0.6707	0.6933	0.5957	0.6933
                   680781	                   680782	               	       164	   168	   213	     0	\0.9762	0.7700	0.0000	0.7700	0.9762
                   371477	                   371475	               	       164	   228	   245	     0	\0.7193	0.6694	0.0000	0.6694	0.7193
                   248322	                   702217	               	       164	   398	   252	     0	\0.4121	0.6508	0.0000	0.4121	0.6508
                   212729	                    14408	          14143	       164	   302	   269	   262	\0.5430	0.6097	0.6260	0.5430	0.6260
                    88190	                    84992	               	       164	   333	   284	     0	\0.4925	0.5775	0.0000	0.4925	0.5775
                   318600	                   321978	               	       163	   189	   166	     0	\0.8624	0.9819	0.0000	0.8624	0.9819
                   195210	                   195212	               	       163	   187	   239	     0	\0.8717	0.6820	0.0000	0.6820	0.8717
                   428228	                   428229	               	       163	   203	   188	     0	\0.8030	0.8670	0.0000	0.8030	0.8670
                   154577	                   227826	               	       163	   216	   209	     0	\0.7546	0.7799	0.0000	0.7546	0.7799
                   371177	                   371178	               	       163	   328	   253	     0	\0.4970	0.6443	0.0000	0.4970	0.6443
                   196357	                   196356	               	       162	   182	   172	     0	\0.8901	0.9419	0.0000	0.8901	0.9419
                   326528	                   317553	               	       162	   242	   368	     0	\0.6694	0.4402	0.0000	0.4402	0.6694
                   627372	                   765429	               	       162	   295	   267	     0	\0.5492	0.6067	0.0000	0.5492	0.6067
                    83942	                    34706	               	       161	   184	   237	     0	\0.8750	0.6793	0.0000	0.6793	0.8750
                   125108	                    11634	               	       160	   176	   223	     0	\0.9091	0.7175	0.0000	0.7175	0.9091
                   419847	                   415171	               	       160	   185	   180	     0	\0.8649	0.8889	0.0000	0.8649	0.8889
                   187489	                    84620	               	       160	   205	   189	     0	\0.7805	0.8466	0.0000	0.7805	0.8466
                    22773	                   614768	               	       160	   214	   242	     0	\0.7477	0.6612	0.0000	0.6612	0.7477
                   245873	                   564066	               	       160	   238	   221	     0	\0.6723	0.7240	0.0000	0.6723	0.7240
                    89666	                    89664	          89669	       160	   256	   225	   261	\0.6250	0.7111	0.6130	0.6130	0.7111
                   128412	                   292687	               	       159	   381	   228	     0	\0.4173	0.6974	0.0000	0.4173	0.6974
                   134885	                   134890	               	       159	   241	   236	     0	\0.6598	0.6737	0.0000	0.6598	0.6737
                    29484	                    29487	               	       159	   348	   285	     0	\0.4569	0.5579	0.0000	0.4569	0.5579
                    10485	                   255452	               	       158	   324	   208	     0	\0.4877	0.7596	0.0000	0.4877	0.7596
                   184746	                   190241	               	       158	   357	   280	     0	\0.4426	0.5643	0.0000	0.4426	0.5643
                   561348	                     6766	               	       157	   166	   308	     0	\0.9458	0.5097	0.0000	0.5097	0.9458
                     4086	                     4084	               	       157	   175	   392	     0	\0.8971	0.4005	0.0000	0.4005	0.8971
                   123683	                   123682	               	       157	   279	   179	     0	\0.5627	0.8771	0.0000	0.5627	0.8771
                   134781	                    11540	               	       157	   204	   351	     0	\0.7696	0.4473	0.0000	0.4473	0.7696
                    92073	                      584	               	       157	   247	   314	     0	\0.6356	0.5000	0.0000	0.5000	0.6356
                   853901	                   853902	               	       156	   213	   329	     0	\0.7324	0.4742	0.0000	0.4742	0.7324
                   137044	                   107871	               	       155	   323	   192	     0	\0.4799	0.8073	0.0000	0.4799	0.8073
                   444726	                   444724	               	       154	   170	   173	     0	\0.9059	0.8902	0.0000	0.8902	0.9059
                   314856	                   314861	               	       154	   172	   220	     0	\0.8953	0.7000	0.0000	0.7000	0.8953
                   112202	                    76410	               	       154	   277	   174	     0	\0.5560	0.8851	0.0000	0.5560	0.8851
                    84160	                    84161	               	       154	   211	   329	     0	\0.7299	0.4681	0.0000	0.4681	0.7299
                    23053	                     4082	               	       154	   315	   222	     0	\0.4889	0.6937	0.0000	0.4889	0.6937
                    62101	                    62103	               	       154	   252	   363	     0	\0.6111	0.4242	0.0000	0.4242	0.6111
                   131057	                    77287	               	       154	   318	   273	     0	\0.4843	0.5641	0.0000	0.4843	0.5641
                     5246	                   125519	               	       153	   183	   225	     0	\0.8361	0.6800	0.0000	0.6800	0.8361
                   314084	                   314083	               	       153	   244	   205	     0	\0.6270	0.7463	0.0000	0.6270	0.7463
                    24848	                    24849	               	       152	   212	   156	     0	\0.7170	0.9744	0.0000	0.7170	0.9744
                   299263	                   686399	               	       152	   309	   176	     0	\0.4919	0.8636	0.0000	0.4919	0.8636
                   167152	                    32834	               	       152	   201	   271	     0	\0.7562	0.5609	0.0000	0.5609	0.7562
                    86626	                    86127	               	       152	   368	   222	     0	\0.4130	0.6847	0.0000	0.4130	0.6847
                   751458	                   701593	               	       152	   238	   316	     0	\0.6387	0.4810	0.0000	0.4810	0.6387
                   897059	                   857897	               	       151	   168	   167	     0	\0.8988	0.9042	0.0000	0.8988	0.9042
                   247452	                   247451	               	       151	   308	   169	     0	\0.4903	0.8935	0.0000	0.4903	0.8935
                   102042	                    48782	               	       151	   172	   223	     0	\0.8779	0.6771	0.0000	0.6771	0.8779
                   241309	                    87852	               	       151	   200	   337	     0	\0.7550	0.4481	0.0000	0.4481	0.7550
                   125008	                   125009	               	       151	   216	   246	     0	\0.6991	0.6138	0.0000	0.6138	0.6991
                   103401	                    86726	               	       151	   234	   277	     0	\0.6453	0.5451	0.0000	0.5451	0.6453
                   340580	                   198887	               	       150	   152	   255	     0	\0.9868	0.5882	0.0000	0.5882	0.9868
                     2503	                     2502	               	       149	   170	   186	     0	\0.8765	0.8011	0.0000	0.8011	0.8765
                   458876	                   194955	               	       149	   177	   173	     0	\0.8418	0.8613	0.0000	0.8418	0.8613
                   429988	                   595341	               	       149	   244	   201	     0	\0.6107	0.7413	0.0000	0.6107	0.7413
                    95216	                   315487	               	       149	   297	   208	     0	\0.5017	0.7163	0.0000	0.5017	0.7163
                    16441	                     9712	               	       149	   213	   284	     0	\0.6995	0.5246	0.0000	0.5246	0.6995
                   260673	                   409602	               	       148	   291	   156	     0	\0.5086	0.9487	0.0000	0.5086	0.9487
                   440531	                    10348	               	       148	   164	   343	     0	\0.9024	0.4315	0.0000	0.4315	0.9024
                    90067	                    90068	               	       148	   180	   188	     0	\0.8222	0.7872	0.0000	0.7872	0.8222
                   379770	                   205934	               	       148	   216	   363	     0	\0.6852	0.4077	0.0000	0.4077	0.6852
                     7473	                     7880	               	       147	   215	   224	     0	\0.6837	0.6562	0.0000	0.6562	0.6837
                   716402	                   716403	               	       146	   290	   154	     0	\0.5034	0.9481	0.0000	0.5034	0.9481
                     6187	                     6186	               	       146	   164	   209	     0	\0.8902	0.6986	0.0000	0.6986	0.8902
                   447900	                   152817	               	       146	   181	   264	     0	\0.8066	0.5530	0.0000	0.5530	0.8066
                   561979	                   722005	               	       146	   323	   184	     0	\0.4520	0.7935	0.0000	0.4520	0.7935
                   105531	                    85594	               	       146	   185	   347	     0	\0.7892	0.4207	0.0000	0.4207	0.7892
                   131633	                     5472	               	       146	   194	   243	     0	\0.7526	0.6008	0.0000	0.6008	0.7526
                   571480	                   571481	               	       146	   200	   225	     0	\0.7300	0.6489	0.0000	0.6489	0.7300
                   188821	                   409792	               	       146	   283	   209	     0	\0.5159	0.6986	0.0000	0.5159	0.6986
                    86591	                    85803	               	       146	   289	   233	     0	\0.5052	0.6266	0.0000	0.5052	0.6266
                   379755	                   379758	         379756	       146	   235	   246	   238	\0.6213	0.5935	0.6134	0.5935	0.6213
                   103735	                   408772	               	       145	   159	   206	     0	\0.9119	0.7039	0.0000	0.7039	0.9119
                    12950	                    13091	               	       145	   169	   324	     0	\0.8580	0.4475	0.0000	0.4475	0.8580
                    10730	                    12492	               	       145	   271	   223	     0	\0.5351	0.6502	0.0000	0.5351	0.6502
                   379755	                   379757	               	       145	   235	   277	     0	\0.6170	0.5235	0.0000	0.5351	0.6502
                    53625	                    53626	               	       144	   173	   166	     0	\0.8324	0.8675	0.0000	0.8324	0.8675
                     7321	                     7322	               	       144	   171	   284	     0	\0.8421	0.5070	0.0000	0.5070	0.8421
                   662616	                   407810	               	       144	   183	   249	     0	\0.7869	0.5783	0.0000	0.5783	0.7869
                    24348	                    24347	               	       144	   191	   220	     0	\0.7539	0.6545	0.0000	0.6545	0.7539
                   137886	                   137885	               	       144	   313	   205	     0	\0.4601	0.7024	0.0000	0.4601	0.7024
                    48509	                    48508	               	       143	   144	   171	     0	\0.9931	0.8363	0.0000	0.8363	0.9931
                     6220	                     6219	               	       143	   315	   162	     0	\0.4540	0.8827	0.0000	0.4540	0.8827
                   675049	                   571402	               	       143	   169	   213	     0	\0.8462	0.6714	0.0000	0.6714	0.8462
                   127584	                   127612	               	       143	   182	   248	     0	\0.7857	0.5766	0.0000	0.5766	0.7857
                    83544	                    92346	               	       143	   342	   212	     0	\0.4181	0.6745	0.0000	0.4181	0.6745
                   247609	                   247316	               	       143	   223	   215	     0	\0.6413	0.6651	0.0000	0.6413	0.6651
                   553524	                   196108	               	       143	   222	   232	     0	\0.6441	0.6164	0.0000	0.6164	0.6441
                   698472	                   698426	               	       143	   254	   259	     0	\0.5630	0.5521	0.0000	0.5521	0.5630
                   570635	                   245971	               	       142	   162	   233	     0	\0.8765	0.6094	0.0000	0.6094	0.8765
                   144597	                   229693	               	       142	   293	   163	     0	\0.4846	0.8712	0.0000	0.4846	0.8712
                   827198	                  1013481	               	       142	   268	   165	     0	\0.5299	0.8606	0.0000	0.5299	0.8606
                   157205	                   157204	               	       142	   333	   170	     0	\0.4264	0.8353	0.0000	0.4264	0.8353
                    77909	                   120525	               	       142	   210	   191	     0	\0.6762	0.7435	0.0000	0.6762	0.7435
                   299453	                   120644	               	       142	   192	   196	     0	\0.7396	0.7245	0.0000	0.7245	0.7396
                    84549	                    84548	               	       142	   268	   195	     0	\0.5299	0.7282	0.0000	0.5299	0.7282
                    52694	                   125009	               	       142	   202	   246	     0	\0.7030	0.5772	0.0000	0.5772	0.7030
                    16648	                   107688	               	       142	   279	   238	     0	\0.5090	0.5966	0.0000	0.5090	0.5966
                   292930	                   292928	               	       141	   301	   144	     0	\0.4684	0.9792	0.0000	0.4684	0.9792
                   321987	                   325050	               	       141	   201	   145	     0	\0.7015	0.9724	0.0000	0.7015	0.9724
                  1528599	                   589957	               	       141	   148	   278	     0	\0.9527	0.5072	0.0000	0.5072	0.9527
                   123796	                   123795	               	       141	   175	   153	     0	\0.8057	0.9216	0.0000	0.8057	0.9216
                   123673	                   794546	               	       141	   331	   156	     0	\0.4260	0.9038	0.0000	0.4260	0.9038
                   279290	                   909694	               	       141	   284	   156	     0	\0.4965	0.9038	0.0000	0.4965	0.9038
                   124389	                   124388	               	       141	   218	   161	     0	\0.6468	0.8758	0.0000	0.6468	0.8758
                   155802	                   155803	               	       140	   148	   178	     0	\0.9459	0.7865	0.0000	0.7865	0.9459
                    84661	                    84662	               	       140	   226	   195	     0	\0.6195	0.7179	0.0000	0.6195	0.7179
                   163489	                   134557	               	       139	   182	   287	     0	\0.7637	0.4843	0.0000	0.4843	0.7637
                   469604	                   571481	               	       139	   184	   225	     0	\0.7554	0.6178	0.0000	0.6178	0.7554
                   173983	                   233638	               	       139	   203	   196	     0	\0.6847	0.7092	0.0000	0.6847	0.7092
                   248306	                   248308	               	       139	   244	   207	     0	\0.5697	0.6715	0.0000	0.5697	0.6715
                   843304	                   170220	               	       139	   210	   338	     0	\0.6619	0.4112	0.0000	0.4112	0.6619
                   356302	                   356300	               	       138	   334	   151	     0	\0.4132	0.9139	0.0000	0.4132	0.9139
                   199110	                   701654	               	       138	   227	   168	     0	\0.6079	0.8214	0.0000	0.6079	0.8214
                    25277	                    25278	               	       138	   185	   256	     0	\0.7459	0.5391	0.0000	0.5391	0.7459
                   143524	                   143525	               	       138	   200	   247	     0	\0.6900	0.5587	0.0000	0.5587	0.6900
                   157205	                   123967	               	       138	   333	   202	     0	\0.4144	0.6832	0.0000	0.4144	0.6832
                    78367	                    78366	               	       138	   327	   209	     0	\0.4220	0.6603	0.0000	0.4220	0.6603
                   138998	                   139000	               	       138	   263	   219	     0	\0.5247	0.6301	0.0000	0.5247	0.6301
                   117120	                   117122	               	       137	   139	   157	     0	\0.9856	0.8726	0.0000	0.8726	0.9856
                   174113	                   111069	               	       137	   142	   318	     0	\0.9648	0.4308	0.0000	0.4308	0.9648
                   194403	                   194402	               	       137	   287	   146	     0	\0.4774	0.9384	0.0000	0.4774	0.9384
                  1387591	                   636112	               	       137	   149	   285	     0	\0.9195	0.4807	0.0000	0.4807	0.9195
                   165346	                    78366	               	       137	   158	   209	     0	\0.8671	0.6555	0.0000	0.6555	0.8671
                    24024	                    24020	               	       137	   215	   195	     0	\0.6372	0.7026	0.0000	0.6372	0.7026
                    89998	                    98036	               	       137	   268	   223	     0	\0.5112	0.6143	0.0000	0.5112	0.6143
                   265945	                   267830	               	       136	   218	   137	     0	\0.6239	0.9927	0.0000	0.6239	0.9927
                    75620	                    75619	               	       136	   145	   155	     0	\0.9379	0.8774	0.0000	0.8774	0.9379
                    29385	                    29386	               	       136	   155	   149	     0	\0.8774	0.9128	0.0000	0.8774	0.9128
                     2946	                     2945	               	       136	   150	   183	     0	\0.9067	0.7432	0.0000	0.7432	0.9067
                   113930	                    77064	               	       136	   150	   213	     0	\0.9067	0.6385	0.0000	0.6385	0.9067
                     9838	                     9837	               	       136	   305	   227	     0	\0.4459	0.5991	0.0000	0.4459	0.5991
                    86409	                    89137	               	       135	   207	   169	     0	\0.6522	0.7988	0.0000	0.6522	0.7988
                     4086	                     4087	               	       135	   175	   228	     0	\0.7714	0.5921	0.0000	0.5921	0.7714
                   103262	                   234606	               	       135	   229	   175	     0	\0.5895	0.7714	0.0000	0.5895	0.7714
                    23306	                    88949	               	       135	   283	   199	     0	\0.4770	0.6784	0.0000	0.4770	0.6784
                    89342	                    89343	               	       135	   211	   238	     0	\0.6398	0.5672	0.0000	0.5672	0.6398
                   351366	                  2199507	               	       134	   180	   135	     0	\0.7444	0.9926	0.0000	0.7444	0.9926
                   428157	                   428156	               	       134	   189	   144	     0	\0.7090	0.9306	0.0000	0.7090	0.9306
                    89140	                    89137	               	       134	   247	   169	     0	\0.5425	0.7929	0.0000	0.5425	0.7929
                   167723	                   167724	               	       134	   172	   175	     0	\0.7791	0.7657	0.0000	0.7657	0.7791
                   296082	                   138575	               	       134	   186	   307	     0	\0.7204	0.4365	0.0000	0.4365	0.7204
                   126004	                   126001	               	       134	   231	   283	     0	\0.5801	0.4735	0.0000	0.4735	0.5801
                    84292	                    84293	               	       134	   247	   274	     0	\0.5425	0.4891	0.0000	0.4891	0.5425
                   699430	                   699432	               	       133	   308	   136	     0	\0.4318	0.9779	0.0000	0.4318	0.9779
                    11959	                    11958	               	       133	   143	   175	     0	\0.9301	0.7600	0.0000	0.7600	0.9301
                   165789	                   167935	               	       133	   185	   149	     0	\0.7189	0.8926	0.0000	0.7189	0.8926
                   195211	                   195212	               	       133	   155	   239	     0	\0.8581	0.5565	0.0000	0.5565	0.8581
                   123680	                   123682	               	       133	   188	   179	     0	\0.7074	0.7430	0.0000	0.7074	0.7430
                   592431	                   592432	               	       133	   203	   259	     0	\0.6552	0.5135	0.0000	0.5135	0.6552
                   409179	                   409180	               	       133	   226	   204	     0	\0.5885	0.6520	0.0000	0.5885	0.6520
                   135989	                   135993	               	       132	   137	   275	     0	\0.9635	0.4800	0.0000	0.4800	0.9635
                   103900	                   103899	               	       132	   145	   163	     0	\0.9103	0.8098	0.0000	0.8098	0.9103
                   124490	                   124489	               	       132	   170	   221	     0	\0.7765	0.5973	0.0000	0.5973	0.7765
                   853901	                   772146	               	       132	   213	   237	     0	\0.6197	0.5570	0.0000	0.5570	0.6197
                   149666	                   149667	               	       131	   249	   222	     0	\0.5261	0.5901	0.0000	0.5261	0.5901
                   112567	                   112570	               	       131	   262	   229	     0	\0.5000	0.5721	0.0000	0.5000	0.5721
                   123796	                   123797	               	       130	   175	   135	     0	\0.7429	0.9630	0.0000	0.7429	0.9630
                   590105	                    75399	               	       130	   142	   287	     0	\0.9155	0.4530	0.0000	0.4530	0.9155
                   719321	                   718782	               	       130	   157	   147	     0	\0.8280	0.8844	0.0000	0.8280	0.8844
                   594427	                     9712	               	       130	   157	   284	     0	\0.8280	0.4577	0.0000	0.4577	0.8280
                     5842	                    16190	               	       130	   290	   160	     0	\0.4483	0.8125	0.0000	0.4483	0.8125
                   156746	                   156747	               	       130	   171	   164	     0	\0.7602	0.7927	0.0000	0.7602	0.7927
                    75180	                   123917	               	       130	   230	   172	     0	\0.5652	0.7558	0.0000	0.5652	0.7558
                    77993	                   126765	               	       130	   173	   321	     0	\0.7514	0.4050	0.0000	0.4050	0.7514
                   123680	                   123683	         123682	       130	   188	   279	   179	\0.6915	0.4659	0.7263	0.4659	0.7263
                   310356	                   310357	               	       129	   178	   140	     0	\0.7247	0.9214	0.0000	0.7247	0.9214
                   228664	                   771202	               	       129	   208	   140	     0	\0.6202	0.9214	0.0000	0.6202	0.9214
                    52694	                   125008	               	       129	   202	   216	     0	\0.6386	0.5972	0.0000	0.5972	0.6386
                   326974	                    29909	               	       129	   287	   224	     0	\0.4495	0.5759	0.0000	0.4495	0.5759
                   307120	                   307118	               	       128	   191	   144	     0	\0.6702	0.8889	0.0000	0.6702	0.8889
                    49554	                    49556	               	       128	   151	   282	     0	\0.8477	0.4539	0.0000	0.4539	0.8477
                   106804	                    54341	               	       128	   156	   183	     0	\0.8205	0.6995	0.0000	0.6995	0.8205
                   235104	                    91154	               	       128	   159	   206	     0	\0.8050	0.6214	0.0000	0.6214	0.8050
                   247791	                  1529149	               	       128	   288	   162	     0	\0.4444	0.7901	0.0000	0.4444	0.7901
                    23026	                    87059	               	       128	   177	   245	     0	\0.7232	0.5224	0.0000	0.5224	0.7232
                   188660	                   318542	               	       128	   264	   217	     0	\0.4848	0.5899	0.0000	0.4848	0.5899
                   140663	                   134175	               	       128	   218	   269	     0	\0.5872	0.4758	0.0000	0.4758	0.5872
                    25706	                    25705	               	       127	   242	   128	     0	\0.5248	0.9922	0.0000	0.5248	0.9922
                   602069	                   823827	               	       127	   262	   131	     0	\0.4847	0.9695	0.0000	0.4847	0.9695
                    83669	                    83670	               	       127	   135	   294	     0	\0.9407	0.4320	0.0000	0.4320	0.9407
                    91154	                   422666	               	       127	   206	   140	     0	\0.6165	0.9071	0.0000	0.6165	0.9071
                   422397	                   237382	               	       127	   152	   285	     0	\0.8355	0.4456	0.0000	0.4456	0.8355
                   253328	                   110940	               	       127	   230	   162	     0	\0.5522	0.7840	0.0000	0.5522	0.7840
                   221643	                   221642	               	       127	   305	   177	     0	\0.4164	0.7175	0.0000	0.4164	0.7175
                   247544	                   191414	               	       127	   200	   229	     0	\0.6350	0.5546	0.0000	0.5546	0.6350
                    84133	                    89012	               	       127	   316	   201	     0	\0.4019	0.6318	0.0000	0.4019	0.6318
                   221459	                   221859	               	       126	   245	   128	     0	\0.5143	0.9844	0.0000	0.5143	0.9844
                   221580	                   221582	               	       126	   133	   146	     0	\0.9474	0.8630	0.0000	0.8630	0.9474
                   138330	                   121054	               	       126	   137	   186	     0	\0.9197	0.6774	0.0000	0.6774	0.9197
                   235104	                   422666	               	       126	   159	   140	     0	\0.7925	0.9000	0.0000	0.7925	0.9000
                  1392350	                   636112	               	       125	   127	   285	     0	\0.9843	0.4386	0.0000	0.4386	0.9843
                    23141	                    23143	               	       125	   145	   131	     0	\0.8621	0.9542	0.0000	0.8621	0.9542
                   123795	                   123797	               	       125	   153	   135	     0	\0.8170	0.9259	0.0000	0.8170	0.9259
                   123796	                   123795	         123797	       125	   175	   153	   135	\0.7143	0.8170	0.9259	0.7143	0.9259
                    83670	                    83671	               	       125	   294	   137	     0	\0.4252	0.9124	0.0000	0.4252	0.9124
                   173983	                   229879	               	       125	   203	   165	     0	\0.6158	0.7576	0.0000	0.6158	0.7576
                   274828	                   274826	               	       125	   222	   174	     0	\0.5631	0.7184	0.0000	0.5631	0.7184
                   428550	                   107239	               	       125	   310	   180	     0	\0.4032	0.6944	0.0000	0.4032	0.6944
                   924441	                   363232	               	       124	   145	   220	     0	\0.8552	0.5636	0.0000	0.5636	0.8552
                   214565	                   214564	               	       124	   215	   151	     0	\0.5767	0.8212	0.0000	0.5767	0.8212
                    36693	                    38237	               	       124	   252	   156	     0	\0.4921	0.7949	0.0000	0.4921	0.7949
                   274828	                   274827	               	       124	   222	   165	     0	\0.5586	0.7515	0.0000	0.5586	0.7515
                   698472	                   698471	               	       124	   254	   171	     0	\0.4882	0.7251	0.0000	0.4882	0.7251
                    90540	                   203901	               	       123	   152	   127	     0	\0.8092	0.9685	0.0000	0.8092	0.9685
                   141076	                   682677	               	       123	   176	   127	     0	\0.6989	0.9685	0.0000	0.6989	0.9685
                   897059	                   897060	               	       123	   168	   131	     0	\0.7321	0.9389	0.0000	0.7321	0.9389
                   247371	                   779963	               	       123	   288	   147	     0	\0.4271	0.8367	0.0000	0.4271	0.8367
                   133408	                   679824	               	       123	   211	   156	     0	\0.5829	0.7885	0.0000	0.5829	0.7885
                   138451	                   138450	               	       123	   157	   209	     0	\0.7834	0.5885	0.0000	0.5885	0.7834
                   374336	                   133145	               	       123	   160	   302	     0	\0.7688	0.4073	0.0000	0.4073	0.7688
                   233638	                   229879	               	       123	   196	   165	     0	\0.6276	0.7455	0.0000	0.6276	0.7455
                    89140	                    86409	          89137	       123	   247	   207	   169	\0.4980	0.5942	0.7278	0.4980	0.7278
                   253086	                   253087	               	       123	   198	   247	     0	\0.6212	0.4980	0.0000	0.4980	0.6212
                    83481	                    83482	               	       122	   125	   248	     0	\0.9760	0.4919	0.0000	0.4919	0.9760
                   649300	                   649298	               	       122	   156	   126	     0	\0.7821	0.9683	0.0000	0.7821	0.9683
                    84950	                   203901	               	       122	   147	   127	     0	\0.8299	0.9606	0.0000	0.8299	0.9606
                   324493	                   319618	               	       122	   261	   130	     0	\0.4674	0.9385	0.0000	0.4674	0.9385
                    89666	                    89667	               	       122	   256	   135	     0	\0.4766	0.9037	0.0000	0.4766	0.9037
                    89664	                    89667	               	       122	   225	   135	     0	\0.5422	0.9037	0.0000	0.5422	0.9037
                   158584	                   158583	               	       122	   270	   137	     0	\0.4519	0.8905	0.0000	0.4519	0.8905
                    84950	                    90540	               	       122	   147	   152	     0	\0.8299	0.8026	0.0000	0.8026	0.8299
                   103908	                   103899	               	       122	   203	   163	     0	\0.6010	0.7485	0.0000	0.6010	0.7485
                    61733	                    62198	               	       122	   175	   193	     0	\0.6971	0.6321	0.0000	0.6321	0.6971
                   240102	                    10291	               	       122	   180	   293	     0	\0.6778	0.4164	0.0000	0.4164	0.6778
                   469604	                   571480	               	       122	   184	   200	     0	\0.6630	0.6100	0.0000	0.6100	0.6630
                   469604	                   571480	         571481	       122	   184	   200	   225	\0.6630	0.6100	0.5422	0.5422	0.6630
                   443334	                   183118	               	       122	   185	   290	     0	\0.6595	0.4207	0.0000	0.4207	0.6595
                   145751	                   885147	               	       122	   236	   189	     0	\0.5169	0.6455	0.0000	0.5169	0.6455
                    26284	                   132558	               	       122	   265	   208	     0	\0.4604	0.5865	0.0000	0.4604	0.5865
                    84967	                    84965	               	       121	   129	   259	     0	\0.9380	0.4672	0.0000	0.4672	0.9380
                    24125	                    24124	               	       121	   209	   131	     0	\0.5789	0.9237	0.0000	0.5789	0.9237
                   827198	                  1392349	               	       121	   268	   133	     0	\0.4515	0.9098	0.0000	0.4515	0.9098
                    83669	                    83671	               	       121	   135	   137	     0	\0.8963	0.8832	0.0000	0.8832	0.8963
                   235104	                   422666	          91154	       121	   159	   140	   206	\0.7610	0.8643	0.5874	0.5874	0.8643
                   119761	                   120043	               	       121	   170	   155	     0	\0.7118	0.7806	0.0000	0.7118	0.7806
                     2480	                     2479	               	       121	   161	   204	     0	\0.7516	0.5931	0.0000	0.5931	0.7516
                    90878	                    85325	               	       121	   277	   162	     0	\0.4368	0.7469	0.0000	0.4368	0.7469
                   895254	                  1042381	               	       121	   178	   288	     0	\0.6798	0.4201	0.0000	0.4201	0.6798
                   316204	                   316203	               	       121	   188	   261	     0	\0.6436	0.4636	0.0000	0.4636	0.6436
                   178033	                   178032	               	       120	   124	   138	     0	\0.9677	0.8696	0.0000	0.8696	0.9677
                   423602	                   597595	               	       120	   183	   128	     0	\0.6557	0.9375	0.0000	0.6557	0.9375
                   103735	                   103733	               	       120	   159	   132	     0	\0.7547	0.9091	0.0000	0.7547	0.9091
                   411229	                   411227	               	       120	   158	   135	     0	\0.7595	0.8889	0.0000	0.7595	0.8889
                   303098	                   167082	               	       120	   142	   222	     0	\0.8451	0.5405	0.0000	0.5405	0.8451
                   760362	                   159051	               	       120	   209	   157	     0	\0.5742	0.7643	0.0000	0.5742	0.7643
                   594427	                    16441	               	       120	   157	   213	     0	\0.7643	0.5634	0.0000	0.5634	0.7643
                    96434	                    85159	               	       120	   163	   221	     0	\0.7362	0.5430	0.0000	0.5430	0.7362
                   294014	                    66192	               	       120	   177	   300	     0	\0.6780	0.4000	0.0000	0.4000	0.6780
                   262862	                   293761	               	       120	   257	   205	     0	\0.4669	0.5854	0.0000	0.4669	0.5854
                   321829	                   321830	               	       119	   122	   153	     0	\0.9754	0.7778	0.0000	0.7778	0.9754
                    90540	                    84950	         203901	       119	   152	   147	   127	\0.7829	0.8095	0.9370	0.7829	0.9370
                   247584	                   247494	               	       119	   129	   151	     0	\0.9225	0.7881	0.0000	0.7881	0.9225
                   408772	                   103733	               	       119	   206	   132	     0	\0.5777	0.9015	0.0000	0.5777	0.9015
                   636112	                  1392349	               	       119	   285	   133	     0	\0.4175	0.8947	0.0000	0.4175	0.8947
                    81068	                    17256	               	       119	   137	   243	     0	\0.8686	0.4897	0.0000	0.4897	0.8686
                   237734	                   237733	               	       119	   141	   236	     0	\0.8440	0.5042	0.0000	0.5042	0.8440
                  1387591	                   827198	               	       119	   149	   268	     0	\0.7987	0.4440	0.0000	0.4440	0.7987
                  1387591	                   827198	         636112	       119	   149	   268	   285	\0.7987	0.4440	0.4175	0.4175	0.7987
                     7054	                     7055	               	       119	   158	   266	     0	\0.7532	0.4474	0.0000	0.4474	0.7532
                    61230	                   121709	               	       119	   262	   160	     0	\0.4542	0.7438	0.0000	0.4542	0.7438
                     1773	                    26035	               	       119	   256	   166	     0	\0.4648	0.7169	0.0000	0.4648	0.7169
                   777099	                   883110	               	       119	   223	   186	     0	\0.5336	0.6398	0.0000	0.5336	0.6398
                    59839	                   138126	               	       119	   198	   284	     0	\0.6010	0.4190	0.0000	0.4190	0.6010
                   222081	                   353403	               	       118	   178	   132	     0	\0.6629	0.8939	0.0000	0.6629	0.8939
                   595869	                    23401	               	       118	   132	   216	     0	\0.8939	0.5463	0.0000	0.5463	0.8939
                    88585	                    88587	               	       118	   133	   226	     0	\0.8872	0.5221	0.0000	0.5221	0.8872
                   299244	                   299245	               	       118	   134	   177	     0	\0.8806	0.6667	0.0000	0.6667	0.8806
                     2022	                    75681	               	       118	   295	   147	     0	\0.4000	0.8027	0.0000	0.4000	0.8027
                   409450	                   409452	               	       118	   210	   176	     0	\0.5619	0.6705	0.0000	0.5619	0.6705
                    83636	                   101825	               	       118	   268	   192	     0	\0.4403	0.6146	0.0000	0.4403	0.6146
                    11952	                     7810	               	       118	   203	   278	     0	\0.5813	0.4245	0.0000	0.4245	0.5813
                    85670	                    89496	               	       118	   235	   237	     0	\0.5021	0.4979	0.0000	0.4979	0.5021
                   144835	                   272514	               	       117	   123	   261	     0	\0.9512	0.4483	0.0000	0.4483	0.9512
                     5481	                   260845	               	       117	   225	   133	     0	\0.5200	0.8797	0.0000	0.5200	0.8797
                   719321	                  1893922	               	       117	   157	   133	     0	\0.7452	0.8797	0.0000	0.7452	0.8797
                   718782	                  1893922	               	       117	   147	   133	     0	\0.7959	0.8797	0.0000	0.7959	0.8797
                    83576	                    83577	               	       117	   149	   229	     0	\0.7852	0.5109	0.0000	0.5109	0.7852
                    83576	                    83578	               	       117	   149	   217	     0	\0.7852	0.5392	0.0000	0.5392	0.7852
                   379770	                   379915	               	       117	   216	   153	     0	\0.5417	0.7647	0.0000	0.5417	0.7647
                   594427	                    16441	           9712	       117	   157	   213	   284	\0.7452	0.5493	0.4120	0.4120	0.7452
                   814524	                   814525	               	       117	   160	   188	     0	\0.7312	0.6223	0.0000	0.6223	0.7312
                   109944	                   110224	               	       117	   164	   162	     0	\0.7134	0.7222	0.0000	0.7134	0.7222
                   581438	                    57491	               	       117	   170	   221	     0	\0.6882	0.5294	0.0000	0.5294	0.6882
                   458305	                   531635	               	       117	   216	   190	     0	\0.5417	0.6158	0.0000	0.5417	0.6158
                   718782	                   719321	        1893922	       116	   147	   157	   133	\0.7891	0.7389	0.8722	0.7389	0.8722
                   617661	                   555991	               	       116	   148	   143	     0	\0.7838	0.8112	0.0000	0.7838	0.8112
                   138766	                   138767	               	       116	   206	   148	     0	\0.5631	0.7838	0.0000	0.5631	0.7838
                   195210	                   195211	               	       116	   187	   155	     0	\0.6203	0.7484	0.0000	0.6203	0.7484
                   535461	                   110224	               	       116	   213	   162	     0	\0.5446	0.7160	0.0000	0.5446	0.7160
                    36331	                    36332	               	       116	   172	   185	     0	\0.6744	0.6270	0.0000	0.6270	0.6744
                   296409	                   295841	               	       116	   196	   244	     0	\0.5918	0.4754	0.0000	0.4754	0.5918
                   321213	                   325376	               	       116	   251	   205	     0	\0.4622	0.5659	0.0000	0.4622	0.5659
                    38172	                    38173	               	       115	   135	   116	     0	\0.8519	0.9914	0.0000	0.8519	0.9914
                    59299	                    59300	               	       115	   183	   121	     0	\0.6284	0.9504	0.0000	0.6284	0.9504
                    61999	                    62000	               	       115	   130	   226	     0	\0.8846	0.5088	0.0000	0.5088	0.8846
                   433591	                   689019	               	       115	   187	   130	     0	\0.6150	0.8846	0.0000	0.6150	0.8846
                   407061	                   407060	               	       115	   131	   257	     0	\0.8779	0.4475	0.0000	0.4475	0.8779
                   133765	                   133762	               	       115	   137	   134	     0	\0.8394	0.8582	0.0000	0.8394	0.8582
                    89666	                    89664	          89667	       115	   256	   225	   135	\0.4492	0.5111	0.8519	0.4492	0.8519
                   233638	                   229881	               	       115	   196	   139	     0	\0.5867	0.8273	0.0000	0.5867	0.8273
                   617507	                   621623	               	       115	   234	   139	     0	\0.4915	0.8273	0.0000	0.4915	0.8273
                   138448	                   138450	               	       115	   154	   209	     0	\0.7468	0.5502	0.0000	0.5502	0.7468
                    81153	                    81152	               	       115	   167	   263	     0	\0.6886	0.4373	0.0000	0.4373	0.6886
                   247685	                   247684	               	       115	   203	   171	     0	\0.5665	0.6725	0.0000	0.5665	0.6725
                   223910	                   103209	               	       115	   224	   236	     0	\0.5134	0.4873	0.0000	0.4873	0.5134
                   106804	                   106805	               	       114	   156	   120	     0	\0.7308	0.9500	0.0000	0.7308	0.9500
                   214406	                   214405	               	       114	   223	   123	     0	\0.5112	0.9268	0.0000	0.5112	0.9268
                      632	                      755	               	       114	   236	   127	     0	\0.4831	0.8976	0.0000	0.4831	0.8976
                  1392350	                  1387591	               	       114	   127	   149	     0	\0.8976	0.7651	0.0000	0.7651	0.8976
                  1392350	                  1387591	         636112	       114	   127	   149	   285	\0.8976	0.7651	0.4000	0.4000	0.8976
                   410188	                   410185	               	       114	   128	   144	     0	\0.8906	0.7917	0.0000	0.7917	0.8906
                    11180	                   197072	               	       114	   205	   137	     0	\0.5561	0.8321	0.0000	0.5561	0.8321
                    12061	                    12059	               	       114	   205	   138	     0	\0.5561	0.8261	0.0000	0.5561	0.8261
                   173983	                   229881	               	       114	   203	   139	     0	\0.5616	0.8201	0.0000	0.5616	0.8201
                   538851	                   538850	               	       114	   256	   140	     0	\0.4453	0.8143	0.0000	0.4453	0.8143
                   298782	                   198079	               	       114	   143	   283	     0	\0.7972	0.4028	0.0000	0.4028	0.7972
                  1117224	                   370439	               	       114	   144	   187	     0	\0.7917	0.6096	0.0000	0.6096	0.7917
                   324503	                    16648	               	       114	   146	   279	     0	\0.7808	0.4086	0.0000	0.4086	0.7808
                   138451	                   138448	               	       114	   157	   154	     0	\0.7261	0.7403	0.0000	0.7261	0.7403
                   636112	                  1013481	               	       114	   285	   165	     0	\0.4000	0.6909	0.0000	0.4000	0.6909
                   189294	                   318323	               	       114	   170	   235	     0	\0.6706	0.4851	0.0000	0.4851	0.6706
                   396876	                   410116	               	       114	   183	   217	     0	\0.6230	0.5253	0.0000	0.5253	0.6230
                   317564	                   318772	               	       114	   265	   191	     0	\0.4302	0.5969	0.0000	0.4302	0.5969
                   182088	                   130784	               	       114	   205	   211	     0	\0.5561	0.5403	0.0000	0.5403	0.5561
                     4113	                     4114	               	       113	   132	   118	     0	\0.8561	0.9576	0.0000	0.8561	0.9576
                   579017	                   579018	               	       113	   120	   124	     0	\0.9417	0.9113	0.0000	0.9113	0.9417
                   243317	                   272857	               	       113	   173	   125	     0	\0.6532	0.9040	0.0000	0.6532	0.9040
                  1392350	                   827198	               	       113	   127	   268	     0	\0.8898	0.4216	0.0000	0.4216	0.8898
                    84966	                    84967	               	       113	   177	   129	     0	\0.6384	0.8760	0.0000	0.6384	0.8760
                   857897	                   897060	               	       113	   167	   131	     0	\0.6766	0.8626	0.0000	0.6766	0.8626
                   897059	                   857897	         897060	       113	   168	   167	   131	\0.6726	0.6766	0.8626	0.6726	0.8626
                   132988	                   132989	               	       113	   205	   135	     0	\0.5512	0.8370	0.0000	0.5512	0.8370
                   177669	                   166466	               	       113	   136	   224	     0	\0.8309	0.5045	0.0000	0.5045	0.8309
                   103900	                   103908	               	       113	   145	   203	     0	\0.7793	0.5567	0.0000	0.5567	0.7793
                   146746	                   148826	               	       113	   255	   149	     0	\0.4431	0.7584	0.0000	0.4431	0.7584
                    36348	                    36349	               	       113	   224	   151	     0	\0.5045	0.7483	0.0000	0.5045	0.7483
                   445426	                   239162	               	       113	   181	   187	     0	\0.6243	0.6043	0.0000	0.6043	0.6243
                    13409	                    39008	               	       113	   249	   201	     0	\0.4538	0.5622	0.0000	0.4538	0.5622
                   173698	                   159462	               	       112	   114	   258	     0	\0.9825	0.4341	0.0000	0.4341	0.9825
                   270210	                   270211	               	       112	   134	   117	     0	\0.8358	0.9573	0.0000	0.8358	0.9573
                   153127	                   228995	               	       112	   185	   123	     0	\0.6054	0.9106	0.0000	0.6054	0.9106
                   526406	                   526405	               	       112	   123	   139	     0	\0.9106	0.8058	0.0000	0.8058	0.9106
                   201631	                   201639	               	       112	   266	   126	     0	\0.4211	0.8889	0.0000	0.4211	0.8889
                    49678	                    41128	               	       112	   134	   216	     0	\0.8358	0.5185	0.0000	0.5185	0.8358
                    41696	                    41695	               	       112	   182	   139	     0	\0.6154	0.8058	0.0000	0.6154	0.8058
                   124905	                   124904	               	       112	   143	   279	     0	\0.7832	0.4014	0.0000	0.4014	0.7832
                   154940	                   721790	               	       112	   232	   145	     0	\0.4828	0.7724	0.0000	0.4828	0.7724
                   195210	                   195211	         195212	       112	   187	   155	   239	\0.5989	0.7226	0.4686	0.4686	0.7226
                    24438	                    24437	               	       112	   224	   176	     0	\0.5000	0.6364	0.0000	0.5000	0.6364
                   521453	                   521452	               	       112	   238	   182	     0	\0.4706	0.6154	0.0000	0.4706	0.6154
                   551472	                   444385	               	       112	   216	   207	     0	\0.5185	0.5411	0.0000	0.5185	0.5411
                    85670	                    85668	               	       112	   235	   208	     0	\0.4766	0.5385	0.0000	0.4766	0.5385
                    84966	                    84967	          84965	       111	   177	   129	   259	\0.6271	0.8605	0.4286	0.4286	0.8605
                   198871	                   198872	               	       111	   129	   194	     0	\0.8605	0.5722	0.0000	0.5722	0.8605
                   103735	                   408772	         103733	       111	   159	   206	   132	\0.6981	0.5388	0.8409	0.5388	0.8409
                   159463	                   159462	               	       111	   132	   258	     0	\0.8409	0.4302	0.0000	0.4302	0.8409
                   158401	                   159161	               	       111	   155	   138	     0	\0.7161	0.8043	0.0000	0.7161	0.8043
                    98907	                    98905	               	       111	   214	   139	     0	\0.5187	0.7986	0.0000	0.5187	0.7986
                    89942	                    89018	               	       111	   165	   148	     0	\0.6727	0.7500	0.0000	0.6727	0.7500
                    45391	                    78797	               	       111	   149	   217	     0	\0.7450	0.5115	0.0000	0.5115	0.7450
                    88739	                    88742	               	       111	   151	   206	     0	\0.7351	0.5388	0.0000	0.5388	0.7351
                    57618	                   538493	               	       111	   204	   161	     0	\0.5441	0.6894	0.0000	0.5441	0.6894
                     7606	                     7607	               	       111	   162	   228	     0	\0.6852	0.4868	0.0000	0.4868	0.6852
                   415105	                   415106	               	       111	   172	   190	     0	\0.6453	0.5842	0.0000	0.5842	0.6453
                   285602	                   714662	               	       111	   186	   177	     0	\0.5968	0.6271	0.0000	0.5968	0.6271
                    89278	                    89275	               	       111	   276	   179	     0	\0.4022	0.6201	0.0000	0.4022	0.6201
                   161454	                   163931	               	       110	   154	   114	     0	\0.7143	0.9649	0.0000	0.7143	0.9649
                   904002	                   651553	               	       110	   138	   117	     0	\0.7971	0.9402	0.0000	0.7971	0.9402
                   125221	                   125220	               	       110	   121	   163	     0	\0.9091	0.6748	0.0000	0.6748	0.9091
                   109587	                   109588	               	       110	   132	   237	     0	\0.8333	0.4641	0.0000	0.4641	0.8333
                   103900	                   103908	         103899	       110	   145	   203	   163	\0.7586	0.5419	0.6748	0.5419	0.7586
                    60883	                    60885	               	       110	   253	   149	     0	\0.4348	0.7383	0.0000	0.4348	0.7383
                     7828	                     7816	               	       110	   165	   151	     0	\0.6667	0.7285	0.0000	0.6667	0.7285
                   100780	                   664218	               	       110	   189	   179	     0	\0.5820	0.6145	0.0000	0.5820	0.6145
                      615	                      786	               	       110	   186	   198	     0	\0.5914	0.5556	0.0000	0.5556	0.5914
                    11166	                   347278	               	       110	   218	   189	     0	\0.5046	0.5820	0.0000	0.5046	0.5820
                   188159	                   328298	               	       110	   240	   191	     0	\0.4583	0.5759	0.0000	0.4583	0.5759
                   601491	                  1057837	               	       109	   198	   113	     0	\0.5505	0.9646	0.0000	0.5505	0.9646
                    12119	                    12180	               	       109	   236	   114	     0	\0.4619	0.9561	0.0000	0.4619	0.9561
                   351366	                  1307027	               	       109	   180	   116	     0	\0.6056	0.9397	0.0000	0.6056	0.9397
                   224027	                   233276	               	       109	   208	   118	     0	\0.5240	0.9237	0.0000	0.5240	0.9237
                   160107	                   158009	               	       109	   132	   177	     0	\0.8258	0.6158	0.0000	0.6158	0.8258
                  1392349	                  1013481	               	       109	   133	   165	     0	\0.8195	0.6606	0.0000	0.6606	0.8195
                   299903	                   299905	               	       109	   141	   191	     0	\0.7730	0.5707	0.0000	0.5707	0.7730
                   125673	                    60363	               	       109	   144	   177	     0	\0.7569	0.6158	0.0000	0.6158	0.7569
                   147884	                   153298	               	       109	   150	   202	     0	\0.7267	0.5396	0.0000	0.5396	0.7267
                   571828	                   241441	               	       109	   153	   258	     0	\0.7124	0.4225	0.0000	0.4225	0.7124
                   410371	                   410370	               	       109	   156	   154	     0	\0.6987	0.7078	0.0000	0.6987	0.7078
                   124379	                   124386	               	       109	   176	   167	     0	\0.6193	0.6527	0.0000	0.6193	0.6527
                    84153	                   657639	               	       109	   196	   169	     0	\0.5561	0.6450	0.0000	0.5561	0.6450
                   124806	                   124801	               	       109	   182	   202	     0	\0.5989	0.5396	0.0000	0.5396	0.5989
                    96779	                    96778	               	       108	   110	   151	     0	\0.9818	0.7152	0.0000	0.7152	0.9818
                   428853	                   256117	               	       108	   113	   251	     0	\0.9558	0.4303	0.0000	0.4303	0.9558
                   309381	                   309383	               	       108	   117	   208	     0	\0.9231	0.5192	0.0000	0.5192	0.9231
                   419847	                   415396	               	       108	   185	   119	     0	\0.5838	0.9076	0.0000	0.5838	0.9076
                   322259	                   322260	               	       108	   120	   207	     0	\0.9000	0.5217	0.0000	0.5217	0.9000
                    86427	                    86426	               	       108	   223	   124	     0	\0.4843	0.8710	0.0000	0.4843	0.8710
                   205516	                   205517	               	       108	   124	   146	     0	\0.8710	0.7397	0.0000	0.7397	0.8710
                   143525	                   143522	               	       108	   247	   125	     0	\0.4372	0.8640	0.0000	0.4372	0.8640
                   424303	                   101063	               	       108	   139	   147	     0	\0.7770	0.7347	0.0000	0.7347	0.7770
                    83576	                    83577	          83578	       108	   149	   229	   217	\0.7248	0.4716	0.4977	0.4716	0.7248
                    83514	                    83512	               	       108	   170	   150	     0	\0.6353	0.7200	0.0000	0.6353	0.7200
                    38474	                    37063	               	       108	   182	   210	     0	\0.5934	0.5143	0.0000	0.5143	0.5934
                   686058	                   686059	               	       107	   138	   109	     0	\0.7754	0.9817	0.0000	0.7754	0.9817
                   153904	                   153903	               	       107	   226	   111	     0	\0.4735	0.9640	0.0000	0.4735	0.9640
                    25824	                    25825	               	       107	   118	   210	     0	\0.9068	0.5095	0.0000	0.5095	0.9068
                   161716	                   161714	               	       107	   125	   160	     0	\0.8560	0.6687	0.0000	0.6687	0.8560
                    75172	                    76199	               	       107	   134	   126	     0	\0.7985	0.8492	0.0000	0.7985	0.8492
                  1387591	                  1392349	               	       107	   149	   133	     0	\0.7181	0.8045	0.0000	0.7181	0.8045
                   126549	                   126550	               	       107	   137	   204	     0	\0.7810	0.5245	0.0000	0.5245	0.7810
                   310473	                    54023	               	       107	   147	   183	     0	\0.7279	0.5847	0.0000	0.5847	0.7279
                    83560	                    89768	               	       107	   191	   164	     0	\0.5602	0.6524	0.0000	0.5602	0.6524
                    15100	                    11869	               	       107	   233	   184	     0	\0.4592	0.5815	0.0000	0.4592	0.5815
                   622953	                   168005	               	       107	   187	   208	     0	\0.5722	0.5144	0.0000	0.5144	0.5722
                   558501	                   558580	               	       106	   114	   108	     0	\0.9298	0.9815	0.0000	0.9298	0.9815
                   601199	                   601198	               	       106	   220	   110	     0	\0.4818	0.9636	0.0000	0.4818	0.9636
                   274212	                   274213	               	       106	   123	   243	     0	\0.8618	0.4362	0.0000	0.4362	0.8618
                    51689	                    51690	               	       106	   131	   190	     0	\0.8092	0.5579	0.0000	0.5579	0.8092
                   229867	                   201502	               	       106	   169	   133	     0	\0.6272	0.7970	0.0000	0.6272	0.7970
                   467694	                   680782	               	       106	   134	   213	     0	\0.7910	0.4977	0.0000	0.4977	0.7910
                     8090	                     8089	               	       106	   135	   166	     0	\0.7852	0.6386	0.0000	0.6386	0.7852
                    40276	                    40275	               	       106	   229	   139	     0	\0.4629	0.7626	0.0000	0.4629	0.7626
                   324756	                   318496	               	       106	   183	   205	     0	\0.5792	0.5171	0.0000	0.5171	0.5792
                   214394	                   214393	               	       105	   138	   112	     0	\0.7609	0.9375	0.0000	0.7609	0.9375
                   428853	                   428855	               	       105	   113	   178	     0	\0.9292	0.5899	0.0000	0.5899	0.9292
                   163815	                   163817	               	       105	   115	   249	     0	\0.9130	0.4217	0.0000	0.4217	0.9130
                  1119719	                  1119718	               	       105	   203	   118	     0	\0.5172	0.8898	0.0000	0.5172	0.8898
                    11294	                    11991	               	       105	   181	   120	     0	\0.5801	0.8750	0.0000	0.5801	0.8750
                   492508	                   589680	               	       105	   155	   120	     0	\0.6774	0.8750	0.0000	0.6774	0.8750
                   194047	                    37853	               	       105	   195	   139	     0	\0.5385	0.7554	0.0000	0.5385	0.7554
                     1851	                     1850	               	       105	   233	   147	     0	\0.4506	0.7143	0.0000	0.4506	0.7143
                    87329	                    41128	               	       105	   161	   216	     0	\0.6522	0.4861	0.0000	0.4861	0.6522
                   274826	                   274827	               	       105	   174	   165	     0	\0.6034	0.6364	0.0000	0.6034	0.6364
                   121373	                   119264	               	       104	   107	   174	     0	\0.9720	0.5977	0.0000	0.5977	0.9720
                   351366	                  1307033	               	       104	   180	   111	     0	\0.5778	0.9369	0.0000	0.5778	0.9369
                   321984	                   391174	               	       104	   226	   114	     0	\0.4602	0.9123	0.0000	0.4602	0.9123
                    81000	                    81001	               	       104	   115	   243	     0	\0.9043	0.4280	0.0000	0.4280	0.9043
                   102449	                   102448	               	       104	   144	   135	     0	\0.7222	0.7704	0.0000	0.7222	0.7704
                   766592	                   145845	               	       104	   138	   202	     0	\0.7536	0.5149	0.0000	0.5149	0.7536
                  1387591	                  1013481	               	       104	   149	   165	     0	\0.6980	0.6303	0.0000	0.6303	0.6980
                   318770	                   318772	               	       104	   207	   191	     0	\0.5024	0.5445	0.0000	0.5024	0.5445
                  2384809	                  1307027	               	       103	   108	   116	     0	\0.9537	0.8879	0.0000	0.8879	0.9537
                    93163	                    93164	               	       103	   111	   142	     0	\0.9279	0.7254	0.0000	0.7254	0.9279
                   652996	                   274166	               	       103	   113	   234	     0	\0.9115	0.4402	0.0000	0.4402	0.9115
                   165189	                   165188	               	       103	   115	   164	     0	\0.8957	0.6280	0.0000	0.6280	0.8957
                   415396	                   415171	               	       103	   119	   180	     0	\0.8655	0.5722	0.0000	0.5722	0.8655
                   419847	                   415396	         415171	       103	   185	   119	   180	\0.5568	0.8655	0.5722	0.5568	0.8655
                   573641	                   573528	               	       103	   119	   167	     0	\0.8655	0.6168	0.0000	0.6168	0.8655
                    16464	                    16465	               	       103	   121	   147	     0	\0.8512	0.7007	0.0000	0.7007	0.8512
                   214048	                   214405	               	       103	   194	   123	     0	\0.5309	0.8374	0.0000	0.5309	0.8374
                   786214	                   601229	               	       103	   128	   145	     0	\0.8047	0.7103	0.0000	0.7103	0.8047
                   320283	                   319311	               	       103	   131	   225	     0	\0.7863	0.4578	0.0000	0.4578	0.7863
                    11715	                   169372	               	       103	   180	   135	     0	\0.5722	0.7630	0.0000	0.5722	0.7630
                   321981	                   321980	               	       103	   137	   145	     0	\0.7518	0.7103	0.0000	0.7103	0.7518
                   173983	                   233638	         229881	       103	   203	   196	   139	\0.5074	0.5255	0.7410	0.5074	0.7410
                    55130	                    55131	               	       103	   231	   154	     0	\0.4459	0.6688	0.0000	0.4459	0.6688
                   695879	                   248777	               	       103	   161	   228	     0	\0.6398	0.4518	0.0000	0.4518	0.6398
                   352916	                   621715	               	       103	   243	   166	     0	\0.4239	0.6205	0.0000	0.4239	0.6205
                  1392346	                  1392351	               	       102	   112	   107	     0	\0.9107	0.9533	0.0000	0.9107	0.9533
                  1387591	                  1392348	               	       102	   149	   110	     0	\0.6846	0.9273	0.0000	0.6846	0.9273
                  1392348	                  1392346	               	       102	   110	   112	     0	\0.9273	0.9107	0.0000	0.9107	0.9273
                   150697	                   150698	               	       102	   122	   113	     0	\0.8361	0.9027	0.0000	0.8361	0.9027
                    19987	                    19988	               	       102	   123	   114	     0	\0.8293	0.8947	0.0000	0.8293	0.8947
                    83425	                    83426	               	       102	   115	   125	     0	\0.8870	0.8160	0.0000	0.8160	0.8870
                    87399	                    96674	               	       102	   231	   116	     0	\0.4416	0.8793	0.0000	0.4416	0.8793
                    54341	                   106805	               	       102	   183	   120	     0	\0.5574	0.8500	0.0000	0.5574	0.8500
                    22755	                   246854	               	       102	   153	   120	     0	\0.6667	0.8500	0.0000	0.6667	0.8500
                   392135	                   391785	               	       102	   128	   217	     0	\0.7969	0.4700	0.0000	0.4700	0.7969
                   201836	                   195332	               	       102	   232	   131	     0	\0.4397	0.7786	0.0000	0.4397	0.7786
                   572800	                   107412	               	       102	   131	   160	     0	\0.7786	0.6375	0.0000	0.6375	0.7786
                   314860	                   314859	               	       102	   180	   136	     0	\0.5667	0.7500	0.0000	0.5667	0.7500
                     2256	                    11176	               	       102	   170	   142	     0	\0.6000	0.7183	0.0000	0.6000	0.7183
                   314760	                   344011	               	       102	   142	   169	     0	\0.7183	0.6036	0.0000	0.6036	0.7183
                   293017	                   293018	               	       102	   143	   230	     0	\0.7133	0.4435	0.0000	0.4435	0.7133
                   463929	                   221567	               	       102	   161	   198	     0	\0.6335	0.5152	0.0000	0.5152	0.6335
                   123774	                   123777	               	       102	   171	   243	     0	\0.5965	0.4198	0.0000	0.4198	0.5965
                  1392350	                  1392351	               	       101	   127	   107	     0	\0.7953	0.9439	0.0000	0.7953	0.9439
                  1392348	                  1392351	               	       101	   110	   107	     0	\0.9182	0.9439	0.0000	0.9182	0.9439
                   351366	                  2384809	               	       101	   180	   108	     0	\0.5611	0.9352	0.0000	0.5611	0.9352
                   523733	                   358830	               	       101	   110	   152	     0	\0.9182	0.6645	0.0000	0.6645	0.9182
                  1392350	                  1392348	               	       101	   127	   110	     0	\0.7953	0.9182	0.0000	0.7953	0.9182
                  1392350	                  1392348	        1387591	       101	   127	   110	   149	\0.7953	0.9182	0.6779	0.6779	0.9182
                   428853	                   428855	         256117	       101	   113	   178	   251	\0.8938	0.5674	0.4024	0.4024	0.8938
                    18220	                    18222	               	       101	   134	   114	     0	\0.7537	0.8860	0.0000	0.7537	0.8860
                     7942	                     7880	               	       101	   120	   224	     0	\0.8417	0.4509	0.0000	0.4509	0.8417
                   214406	                   214048	         214405	       101	   223	   194	   123	\0.4529	0.5206	0.8211	0.4529	0.8211
                   369513	                   369512	               	       101	   249	   127	     0	\0.4056	0.7953	0.0000	0.4056	0.7953
                    86950	                    86955	               	       101	   131	   128	     0	\0.7710	0.7891	0.0000	0.7710	0.7891
                   409059	                   409057	               	       101	   133	   130	     0	\0.7594	0.7769	0.0000	0.7594	0.7769
                   178399	                   385462	               	       101	   241	   134	     0	\0.4191	0.7537	0.0000	0.4191	0.7537
                   106665	                   106661	               	       101	   144	   175	     0	\0.7014	0.5771	0.0000	0.5771	0.7014
                    15840	                     7476	               	       101	   245	   153	     0	\0.4122	0.6601	0.0000	0.4122	0.6601
                   451496	                    53279	               	       101	   163	   165	     0	\0.6196	0.6121	0.0000	0.6121	0.6196
                   535461	                   109944	               	       101	   213	   164	     0	\0.4742	0.6159	0.0000	0.4742	0.6159
                    70716	                    86652	               	       101	   165	   165	     0	\0.6121	0.6121	0.0000	0.6121	0.6121
                   274828	                   274826	         274827	       101	   222	   174	   165	\0.4550	0.5805	0.6121	0.4550	0.6121
                   158009	                   158008	               	       101	   177	   228	     0	\0.5706	0.4430	0.0000	0.4430	0.5706
                   152799	                   141936	               	       101	   185	   218	     0	\0.5459	0.4633	0.0000	0.4633	0.5459
                   455608	                   455610	               	       100	   104	   155	     0	\0.9615	0.6452	0.0000	0.6452	0.9615
                   137881	                   137880	               	       100	   119	   106	     0	\0.8403	0.9434	0.0000	0.8403	0.9434
                   168086	                   168084	               	       100	   118	   107	     0	\0.8475	0.9346	0.0000	0.8475	0.9346
                   390138	                   390139	               	       100	   107	   213	     0	\0.9346	0.4695	0.0000	0.4695	0.9346
                  1387591	                  1392351	               	       100	   149	   107	     0	\0.6711	0.9346	0.0000	0.6711	0.9346
                  1387591	                  1392350	        1392351	       100	   149	   127	   107	\0.6711	0.7874	0.9346	0.6711	0.9346
                  1392348	                  1392346	        1392351	       100	   110	   112	   107	\0.9091	0.8929	0.9346	0.8929	0.9346
                  1392350	                  1392348	        1392346	       100	   127	   110	   112	\0.7874	0.9091	0.8929	0.7874	0.9091
                  1392350	                  1392348	               	       100	   127	   110	     0	\0.7874	0.9091	0.0000	0.7874	0.9091
                  1392350	                  1392348	               	       100	   127	   110	     0	\0.7874	0.9091	0.0000	0.7874	0.9091
                  1387591	                   636112	               	       100	   149	   285	     0	\0.6711	0.3509	0.0000	0.7874	0.9091
                  1387591	                  1392348	        1392346	       100	   149	   110	   112	\0.6711	0.9091	0.8929	0.6711	0.9091
                   409267	                   409268	               	       100	   111	   216	     0	\0.9009	0.4630	0.0000	0.4630	0.9009
                    86878	                   570492	               	       100	   218	   112	     0	\0.4587	0.8929	0.0000	0.4587	0.8929
                  1392350	                  1392346	               	       100	   127	   112	     0	\0.7874	0.8929	0.0000	0.7874	0.8929
                  1387591	                  1392346	               	       100	   149	   112	     0	\0.6711	0.8929	0.0000	0.6711	0.8929
                  1387591	                  1392350	        1392346	       100	   149	   127	   112	\0.6711	0.7874	0.8929	0.6711	0.8929
                   100780	                   100777	               	       100	   189	   118	     0	\0.5291	0.8475	0.0000	0.5291	0.8475
                   112155	                   112154	               	       100	   118	   120	     0	\0.8475	0.8333	0.0000	0.8333	0.8475
                   246881	                   246882	               	       100	   119	   185	     0	\0.8403	0.5405	0.0000	0.5405	0.8403
                   106804	                    54341	         106805	       100	   156	   183	   120	\0.6410	0.5464	0.8333	0.5464	0.8333
                   385463	                   753346	               	       100	   153	   120	     0	\0.6536	0.8333	0.0000	0.6536	0.8333
                    25292	                    25293	               	       100	   166	   121	     0	\0.6024	0.8264	0.0000	0.6024	0.8264
                    12715	                   428667	               	       100	   224	   134	     0	\0.4464	0.7463	0.0000	0.4464	0.7463
                   295044	                   295043	               	       100	   137	   181	     0	\0.7299	0.5525	0.0000	0.5525	0.7299
                   721774	                   663808	               	       100	   156	   143	     0	\0.6410	0.6993	0.0000	0.6410	0.6993
                   600478	                    13474	               	       100	   179	   151	     0	\0.5587	0.6623	0.0000	0.5587	0.6623
                   107428	                   686399	               	       100	   155	   176	     0	\0.6452	0.5682	0.0000	0.5682	0.6452
                    84422	                    84421	               	       100	   233	   162	     0	\0.4292	0.6173	0.0000	0.4292	0.6173
                      632	                      835	               	       100	   236	   168	     0	\0.4237	0.5952	0.0000	0.4237	0.5952
                    25046	                    25043	               	       100	   171	   170	     0	\0.5848	0.5882	0.0000	0.5848	0.5882
